Date and time (UTC)	Real time (s)	CPU time (s)	CPU (%)	Memory (GB)	Memory (%)	Disk read (GB)	Disk write (GB)
2022-05-31 09:01:41.424708	1.0	4.9	0	0.7	4	0.129	0.0
2022-05-31 09:01:42.429770	2.0	6.0	1	0.7	5	0.133	0.0
2022-05-31 09:01:43.433743	3.0	6.0	0	0.7	5	0.148	0.0
2022-05-31 09:01:44.437605	4.0	6.0	0	0.7	5	0.155	0.0
2022-05-31 09:01:45.440564	5.0	6.0	1	0.7	5	0.166	0.0
2022-05-31 09:01:46.444600	6.0	6.0	0	0.7	5	0.176	0.0
2022-05-31 09:01:47.447577	7.0	6.1	0	0.7	5	0.186	0.0
2022-05-31 09:01:48.451550	8.0	6.1	0	0.7	5	0.195	0.0
2022-05-31 09:01:49.455461	9.0	6.1	1	0.7	5	0.202	0.0
2022-05-31 09:01:50.459340	10.0	6.1	0	0.7	5	0.21	0.0
2022-05-31 09:01:51.462262	11.0	6.1	0	0.7	5	0.215	0.0
2022-05-31 09:01:52.466296	12.0	6.1	1	0.7	5	0.224	0.0
2022-05-31 09:01:53.469807	13.1	6.1	0	0.7	5	0.237	0.0
2022-05-31 09:01:54.473761	14.1	6.2	0	0.7	5	0.249	0.0
2022-05-31 09:01:55.478222	15.1	6.5	1	0.7	5	0.262	0.0
2022-05-31 09:01:56.482152	16.1	7.0	0	0.7	5	0.267	0.0
2022-05-31 09:01:57.485512	17.1	7.0	1	0.7	5	0.273	0.0
2022-05-31 09:01:58.489410	18.1	7.0	0	0.7	5	0.278	0.0
2022-05-31 09:01:59.492468	19.1	7.0	0	0.7	5	0.283	0.0
2022-05-31 09:02:00.496399	20.1	7.0	1	0.7	5	0.291	0.0
2022-05-31 09:02:01.500321	21.1	7.0	0	0.7	5	0.297	0.0
2022-05-31 09:02:02.504090	22.1	7.0	0	0.7	5	0.299	0.0
2022-05-31 09:02:03.508306	23.1	7.0	0	0.7	5	0.304	0.0
2022-05-31 09:02:04.511931	24.1	7.1	0	0.7	5	0.309	0.0
2022-05-31 09:02:05.514960	25.1	7.1	1	0.7	5	0.316	0.0
2022-05-31 09:02:06.518970	26.1	7.1	1	0.7	5	0.319	0.0
2022-05-31 09:02:07.523339	27.1	7.1	0	0.7	5	0.324	0.0
2022-05-31 09:02:08.527238	28.1	7.1	0	0.7	5	0.327	0.0
2022-05-31 09:02:09.531199	29.1	7.2	0	0.7	5	0.333	0.0
2022-05-31 09:02:10.534956	30.1	7.2	0	0.7	5	0.338	0.0
2022-05-31 09:02:11.537966	31.1	7.2	1	0.7	5	0.346	0.0
2022-05-31 09:02:12.541922	32.1	7.2	0	0.7	5	0.349	0.0
2022-05-31 09:02:13.545752	33.1	7.2	1	0.7	5	0.353	0.0
2022-05-31 09:02:14.549470	34.1	7.2	0	0.7	5	0.356	0.0
2022-05-31 09:02:15.553271	35.1	7.3	0	0.7	5	0.362	0.0
2022-05-31 09:02:16.556765	36.1	7.8	1	0.8	5	0.367	0.0
2022-05-31 09:02:17.560257	37.1	7.9	0	0.8	5	0.375	0.0
2022-05-31 09:02:18.563819	38.1	7.9	1	0.8	5	0.39	0.0
2022-05-31 09:02:19.567797	39.1	7.9	0	0.8	5	0.401	0.0
2022-05-31 09:02:20.571786	40.2	7.9	0	0.8	5	0.411	0.0
2022-05-31 09:02:21.575797	41.2	7.9	0	0.8	5	0.417	0.0
2022-05-31 09:02:22.579756	42.2	8.0	0	0.8	5	0.426	0.0
2022-05-31 09:02:23.583710	43.2	8.0	1	0.8	5	0.436	0.0
2022-05-31 09:02:24.587198	44.2	8.0	0	0.8	5	0.446	0.0
2022-05-31 09:02:25.590696	45.2	8.0	0	0.8	5	0.454	0.0
2022-05-31 09:02:26.593728	46.2	8.0	1	0.8	5	0.467	0.0
2022-05-31 09:02:27.597695	47.2	8.1	0	0.8	5	0.477	0.0
2022-05-31 09:02:28.601776	48.2	8.1	0	0.8	5	0.49	0.0
2022-05-31 09:02:29.605852	49.2	8.2	1	0.8	5	0.496	0.001
2022-05-31 09:02:30.609870	50.2	8.8	0	0.8	5	0.501	0.001
2022-05-31 09:02:31.613436	51.2	8.8	0	0.8	5	0.509	0.001
2022-05-31 09:02:32.616366	52.2	8.8	1	0.8	5	0.516	0.001
2022-05-31 09:02:33.620284	53.2	8.8	0	0.8	5	0.523	0.001
2022-05-31 09:02:34.624205	54.2	8.8	0	0.8	5	0.528	0.001
2022-05-31 09:02:35.627898	55.2	8.8	1	0.8	5	0.534	0.001
2022-05-31 09:02:36.631442	56.2	8.9	1	0.8	5	0.539	0.001
2022-05-31 09:02:37.634388	57.2	8.9	0	0.8	5	0.541	0.001
2022-05-31 09:02:38.638286	58.2	9.2	0	0.8	5	0.544	0.001
2022-05-31 09:02:39.642208	59.2	9.5	1	0.8	5	0.549	0.001
2022-05-31 09:02:40.645446	60.2	9.5	0	0.8	5	0.554	0.001
2022-05-31 09:02:41.649439	61.2	9.5	0	0.8	5	0.559	0.001
2022-05-31 09:02:42.653306	62.2	9.5	0	0.8	5	0.566	0.001
2022-05-31 09:02:43.657230	63.2	9.6	1	0.8	5	0.571	0.001
2022-05-31 09:02:44.661024	64.2	9.6	0	0.8	5	0.576	0.001
2022-05-31 09:02:45.665190	65.2	9.6	0	0.8	5	0.584	0.001
2022-05-31 09:02:46.669082	66.3	9.6	0	0.8	5	0.591	0.001
2022-05-31 09:02:47.672484	67.3	9.6	2	0.8	5	0.597	0.001
2022-05-31 09:02:48.676407	68.3	9.7	0	0.8	5	0.604	0.001
2022-05-31 09:02:49.680535	69.3	9.7	0	0.8	5	0.61	0.001
2022-05-31 09:02:50.684515	70.3	9.7	0	0.8	5	0.616	0.001
2022-05-31 09:02:51.688437	71.3	9.7	1	0.8	5	0.621	0.001
2022-05-31 09:02:52.692355	72.3	9.7	0	0.8	5	0.626	0.001
2022-05-31 09:02:53.696260	73.3	9.7	0	0.8	5	0.628	0.001
2022-05-31 09:02:54.700311	74.3	9.7	0	0.8	5	0.631	0.001
2022-05-31 09:02:55.703311	75.3	9.8	1	0.8	5	0.633	0.001
2022-05-31 09:02:56.707409	76.3	9.8	0	0.8	5	0.635	0.001
2022-05-31 09:02:57.711357	77.3	9.8	0	0.8	5	0.64	0.001
2022-05-31 09:02:58.715761	78.3	9.8	1	0.8	5	0.647	0.001
2022-05-31 09:02:59.719691	79.3	9.9	0	0.8	5	0.663	0.001
2022-05-31 09:03:00.723049	80.3	10.5	0	0.8	5	0.76	0.001
2022-05-31 09:03:01.726756	81.3	11.1	1	0.8	5	0.836	0.001
2022-05-31 09:03:02.730658	82.3	11.7	0	0.8	5	0.893	0.001
2022-05-31 09:03:03.734530	83.3	11.9	1	0.8	5	0.963	0.002
2022-05-31 09:03:04.738453	84.3	11.9	0	0.8	5	0.968	0.002
2022-05-31 09:03:05.742435	85.3	11.9	1	0.8	5	0.971	0.002
2022-05-31 09:03:06.746329	86.3	11.9	0	0.8	5	0.974	0.002
2022-05-31 09:03:07.750190	87.3	11.9	0	0.8	5	0.978	0.002
2022-05-31 09:03:08.754221	88.3	12.6	1	0.8	5	1.037	0.002
2022-05-31 09:03:09.757296	89.3	12.6	0	0.8	5	1.097	0.002
